waypoints:
  - id: 1
    lat: 42.66792215
    lon: -83.21932197

    