waypoints:
  - id: 1
    lat: 42.66821182
    lon: -83.21845
  - id: 2
    lat: 42.6680871
    lon: -82.2184507
  - id: 3
    lat: 42.66796006
    lon: -83.21843266